$ANSIBLE_VAULT;1.1;AES256
61373236616231646465306337613433353162633965643363636638616265636539333638363332
3464316538626235626135656161623064326366373433300a663038353533386133373531333531
32626137373430623365343161373938356535363635633231316136633239376435646339316438
3366656230646233310a306135386436343036303263306436323231316638616265366265313438
37343131303533313065356237663439343335636232316636363565373539633635646636353961
38363933363164616366623336323935346536356637353361383062643738356339653739313039
36343162633238346563343166333638303630663862386531333731393563333566386236646536
34396138366433663263663433616336383334656430663437633834633832616639363138343234
37323563346132343463353563313062613334383239626465383035623131643733663731306665
31373633383933636137313764633839386637393664613065336535396262626137653863306236
313637616630326334333066636538666239
